,点消,拖消,目标物品,Impressions,Spend,Unique redirects,Unique interactions,Total interactions,Unique redirects rate,Unique interactions rate,CTA clicked,CTA click rate,Average duration,HTML loading,HTML loaded,HTML displayed,HTML completed,HTML loading rate,HTML completion rate,Challenge started,Challenge failed,Challenge solved,Challenge pass 25,Challenge pass 50,Challenge pass 75,Challenge failed rate,Challenge solved rate,Challenge pass 25 rate,Challenge pass 50 rate,Challenge pass 75 rate,Redirect count,Endcard shown,Redirect rate,Black view error,Rendering error,Runtime error,Black view error rate,Rendering error rate,Runtime error rate
点消,1.0,-1.0,0.14907119849998599,-0.333358168145344,-0.15550309951605243,-0.22218697387350703,-0.306545142183393,-0.3459502630304209,0.07841518687129302,-0.2943169684726765,-0.2593784273321788,0.009721685691079614,0.0028938540239583613,-0.026167837918445146,-0.022409213997443868,-0.060740903888210254,0.0763583725662051,-0.06297971965316222,0.4861887989531654,-0.2618264848114489,-0.2128546593528206,-0.21095655098536095,-0.2667960421154755,-0.26939333425668155,-0.27220609843433924,-0.25211027965767485,-0.3745409424539296,-0.5324784628165307,-0.5534681068877237,-0.5734553993990793,-0.22174827602831024,-0.13712158166327526,0.07891960971911559,-0.061206127800692164,-0.3929090353251763,0.01867296274501624,0.5593326164796784,-0.3796205690516595,0.5181927900254054
拖消,-1.0,1.0,-0.14907119849998599,0.333358168145344,0.15550309951605243,0.22218697387350703,0.306545142183393,0.3459502630304209,-0.07841518687129302,0.2943169684726765,0.2593784273321788,-0.009721685691079614,-0.0028938540239583613,0.026167837918445146,0.022409213997443868,0.060740903888210254,-0.0763583725662051,0.06297971965316222,-0.4861887989531654,0.2618264848114489,0.2128546593528206,0.21095655098536095,0.2667960421154755,0.26939333425668155,0.27220609843433924,0.25211027965767485,0.3745409424539296,0.5324784628165307,0.5534681068877237,0.5734553993990793,0.22174827602831024,0.13712158166327526,-0.07891960971911559,0.061206127800692164,0.3929090353251763,-0.01867296274501624,-0.5593326164796784,0.3796205690516595,-0.5181927900254054
目标物品,0.14907119849998599,-0.14907119849998599,1.0,0.07016059509178361,0.2735631926303414,-0.452141047148184,0.10855088227810089,-0.07000349964103818,-0.5118108025869675,0.3347255102535051,-0.44240010532645385,-0.508747515140573,-0.04960988307807875,0.01276543655930364,0.013472575338564064,0.021329257652468084,0.08191692758306963,0.24773205239381035,0.19620897920964692,0.08856759019442442,-0.14638021521095482,0.09069846272833523,0.2105604075827664,0.21744470379465672,0.11538814781758808,-0.4014507193485815,0.2737245929854384,0.2151026025196579,0.25652044630456444,0.15708872269672106,-0.4523127450084645,-0.07165190814755394,-0.5119173548945576,0.16318049747917351,-0.14170505031628383,0.2737207587012726,0.21491000253905382,-0.044676705160877024,0.07420337907050274
Impressions,-0.333358168145344,0.333358168145344,0.07016059509178361,1.0,0.8776549027894884,0.4694154355218102,0.9673795096019073,0.6765189496771951,0.022915390435877658,0.028329378276229854,0.4676469761610669,0.02099979769116123,-0.061124043793409605,0.8966114603943525,0.8973386302209743,0.9187543904482404,0.7911510463635587,0.15463667643367346,-0.15224730350858265,0.8779846528230164,0.4790878447747688,0.7704643051431942,0.8303874251365015,0.797658137409032,0.7556606312927517,-0.12239770295058935,0.003487417853911137,-0.14888984990491758,-0.1318156480107654,-0.11928186976195007,0.4696721061925466,0.8887933088648688,0.023672156543839723,0.9128764786648954,0.4344519648556372,0.8905556835390048,-0.20395884588132948,-0.17714686062616275,-0.19066323284790182
Spend,-0.15550309951605243,0.15550309951605243,0.2735631926303414,0.8776549027894884,1.0,0.2322601226542456,0.8626249640112499,0.47282248338329075,-0.1196324740904448,0.03880896220141799,0.22347931444945562,-0.12502247890009002,-0.05066650122774497,0.9291407038559689,0.9294324042242874,0.9324043756556145,0.8214896861889679,0.09005362447227885,-0.09542854305028588,0.8316565610967873,0.20716737088170986,0.9080710849052996,0.8351056028212629,0.8274453911825552,0.7949043813217966,-0.13775974824522308,0.18028928561424462,-0.08564313396432331,-0.06561026695253566,-0.06714503489265634,0.23243351559312547,0.8989675028596321,-0.11915506817752135,0.9698659918543409,0.30820377345140054,0.9132849359370856,-0.0436135678467292,-0.1241152203067681,-0.07443504607018402
Unique redirects,-0.22218697387350703,0.22218697387350703,-0.452141047148184,0.4694154355218102,0.2322601226542456,1.0,0.49811674316749577,0.3704405561441281,0.7924450638129124,0.2671542841631834,0.9975348503034799,0.7847540993266787,0.015772982070440027,0.2544878741654649,0.2573382686347146,0.3019001694647793,0.4241730145516637,-0.09284871783049298,0.09097557376433074,0.368952852146519,0.4888723650076032,0.030110887468284647,0.44227488948087157,0.44559998929169176,0.4465589994020573,0.12419493739579096,-0.28051555153784163,-0.0029237855320632753,0.02464186923635009,0.03518617899155469,0.999998289600505,0.27450352963316005,0.7932046208253177,0.2924652423259421,-0.0785911928561918,0.37497558274693216,-0.2522722366305889,-0.22843848446731058,-0.17879698135041536
Unique interactions,-0.306545142183393,0.306545142183393,0.10855088227810089,0.9673795096019073,0.8626249640112499,0.49811674316749577,1.0,0.7792162652961941,0.1105314305543065,0.2363124163694442,0.48686825471909057,0.0999881238550433,0.10423041110855945,0.8724427931305984,0.8734122455837998,0.8994268301757951,0.8800344362505009,0.07974748568153824,-0.014263017523875285,0.9490109484748357,0.38953324302921133,0.7810878257998998,0.9288052840297137,0.9020265331600926,0.86496179455352,-0.1438422666649127,0.02384182562454126,-0.10052983020667672,-0.0700923962288245,-0.04316155490719086,0.4981384679771051,0.8428565910752995,0.11104449292279156,0.9113091375930751,0.4592618719598592,0.8851624304041544,-0.17483495511592506,-0.1539171452542708,-0.1705576121898729
Total interactions,-0.3459502630304209,0.3459502630304209,-0.07000349964103818,0.6765189496771951,0.47282248338329075,0.3704405561441281,0.7792162652961941,1.0,0.14645272996907924,0.397923692744409,0.3522415599206324,0.1276545479828751,0.4040808201083081,0.4878201295006048,0.4891503624769871,0.5214724203861925,0.6642669169168738,-0.012905568735101994,0.12575502525410803,0.784543567272848,0.31849121706578837,0.4002722097090137,0.7104527340250201,0.665350977991334,0.6159258112722247,-0.14267638026072504,-0.11023333848284617,-0.04499465704813081,-0.03450813661031257,-0.019405141661263208,0.37010260415252183,0.46445482874363103,0.14652165787814453,0.5417608598355723,0.7857664527839442,0.5705082222664235,-0.1557913906510327,-0.02065592893046405,-0.13145117892636846
Unique redirects rate,0.07841518687129302,-0.07841518687129302,-0.5118108025869675,0.022915390435877658,-0.1196324740904448,0.7924450638129124,0.1105314305543065,0.14645272996907924,1.0,0.40370903997201957,0.7819716103453649,0.9963042270651498,0.07486243019594399,-0.12454378914740963,-0.12190786853171333,-0.0865942432213837,0.1763686964742015,-0.1596206767460052,0.26791324886634127,0.01372448870681494,0.24282069563834238,-0.2756681108573695,0.1463117068578644,0.15818006621167696,0.174388031723966,0.42589592245182306,-0.25393184937700425,0.28720834386608196,0.29952286854257515,0.2601203864688792,0.7920066161857053,-0.08782036989699908,0.9999972390504245,-0.09628683555439702,-0.27944866473705016,-0.0168907374821959,-0.33431145417848884,-0.2305892712051492,-0.24534362539583918
Unique interactions rate,-0.2943169684726765,0.2943169684726765,0.3347255102535051,0.028329378276229854,0.03880896220141799,0.2671542841631834,0.2363124163694442,0.397923692744409,0.40370903997201957,1.0,0.24200143572063604,0.3819228038169132,0.7991709343158322,-0.0010125585287789922,0.0006896939989413963,0.027787335045741424,0.37165875660616465,-0.4398494978419328,0.5372727459926578,0.30547363832660923,-0.10450016041176047,0.08494027993000583,0.4194488688957727,0.4309653716058443,0.4374393660286214,0.012024011833022938,0.0627242285406377,0.27155373129782884,0.3408356139293572,0.3891193805808322,0.26648013258105585,-0.016079270748070564,0.40306968434073737,0.0941678945590255,0.14361310037574265,0.08903393667872832,-0.03846096350285956,0.3111851036075425,-0.08282993618032365
CTA clicked,-0.2593784273321788,0.2593784273321788,-0.44240010532645385,0.4676469761610669,0.22347931444945562,0.9975348503034799,0.48686825471909057,0.3522415599206324,0.7819716103453649,0.24200143572063604,1.0,0.7794532328075863,-0.007685076507628242,0.2445421802618587,0.2473363465016214,0.2927160651046987,0.3908676224201244,-0.08870111810212689,0.06131860111307619,0.34448536114845835,0.525923348150261,0.022419839153642006,0.4170656677459945,0.42050162948654407,0.4217785521345097,0.14536117071057084,-0.26384559993513923,-0.001009735158063186,0.027536829103217884,0.0376898114342588,0.9975252064624186,0.27959545538612784,0.7827049435455915,0.28172287441293814,-0.08060903973216052,0.3666643667726361,-0.2550713930093398,-0.22737368013269837,-0.17917104976415255
CTA click rate,0.009721685691079614,-0.009721685691079614,-0.508747515140573,0.02099979769116123,-0.12502247890009002,0.7847540993266787,0.0999881238550433,0.1276545479828751,0.9963042270651498,0.3819228038169132,0.7794532328075863,1.0,0.049544105702816685,-0.13254227669102583,-0.1300420037033834,-0.09401057025675492,0.14032048929762678,-0.14375347329120075,0.22181819244600923,-0.00962969991994508,0.2698182134858291,-0.2782476496882677,0.1211973718761723,0.13331057256159018,0.15002794886940785,0.4485996181509439,-0.22531700244030778,0.2849894248542138,0.2966444824504429,0.2556443397600769,0.7842915413215282,-0.08468812322437197,0.9962450912608745,-0.10450203698305913,-0.2823229640925781,-0.022733472265707322,-0.34186777691234466,-0.2263701797708767,-0.24765288661153273
Average duration,0.0028938540239583613,-0.0028938540239583613,-0.04960988307807875,-0.061124043793409605,-0.05066650122774497,0.015772982070440027,0.10423041110855945,0.4040808201083081,0.07486243019594399,0.7991709343158322,-0.007685076507628242,0.049544105702816685,1.0,-0.04744104299541664,-0.04508219542774082,-0.03373244719193104,0.21605279994724472,-0.5700438995530422,0.3341127292337801,0.20460199512471147,-0.17206569284327897,-0.014633829983048947,0.21233341447850615,0.2152063060181813,0.21987346024690133,-0.19808316210038712,0.009242933983883433,0.06306647990571468,0.11327974158339943,0.1741519163790968,0.015303386479262424,-0.11744597078713163,0.07439927306974412,0.0030363461691911967,0.3706459847891474,0.0385577845187486,0.10565708283735076,0.6040363672522879,0.039188387342682325
HTML loading,-0.026167837918445146,0.026167837918445146,0.01276543655930364,0.8966114603943525,0.9291407038559689,0.2544878741654649,0.8724427931305984,0.4878201295006048,-0.12454378914740963,-0.0010125585287789922,0.2445421802618587,-0.13254227669102583,-0.04744104299541664,1.0,0.9999698107348339,0.9975631815649403,0.8413446677446612,0.15012474944225843,-0.16265814913432103,0.8588549406494962,0.21906444734727135,0.9085873881292298,0.8165953003505099,0.8025747407185473,0.7883467320580131,-0.21373544943470357,0.10083095757675797,-0.18088482394866304,-0.1587518023685833,-0.12396776400562015,0.2550450144317232,0.9218767532356027,-0.1236573692110353,0.9520394176395344,0.2944915302128247,0.8425962992767205,-0.06607396953117568,-0.11820904910817308,-0.10596235414461326
HTML loaded,-0.022409213997443868,0.022409213997443868,0.013472575338564064,0.8973386302209743,0.9294324042242874,0.2573382686347146,0.8734122455837998,0.4891503624769871,-0.12190786853171333,0.0006896939989413963,0.2473363465016214,-0.1300420037033834,-0.04508219542774082,0.9999698107348339,1.0,0.997749765787961,0.8429817584159321,0.14532589446990551,-0.16111567517204595,0.8587644703223728,0.22239998083161933,0.9068734295194616,0.8168066180292167,0.8027961296192354,0.7881610555932627,-0.212796357889276,0.09940365930275971,-0.18033562190859972,-0.15776464175548677,-0.12320714398488906,0.25789181802924244,0.9228623003810993,-0.12101980004131528,0.9527712572446173,0.29446969165975184,0.8447590108924949,-0.06627497122372769,-0.11842279654695964,-0.10591482532789848
HTML displayed,-0.060740903888210254,0.060740903888210254,0.021329257652468084,0.9187543904482404,0.9324043756556145,0.3019001694647793,0.8994268301757951,0.5214724203861925,-0.0865942432213837,0.027787335045741424,0.2927160651046987,-0.09401057025675492,-0.03373244719193104,0.9975631815649403,0.997749765787961,1.0,0.8527524549755311,0.13209491569026396,-0.15889611363244766,0.8759823189224828,0.2538767117261836,0.9010957255955424,0.8386196754988156,0.8242359789602818,0.8075482971728093,-0.2041486306977904,0.09289228546184394,-0.1743875887797699,-0.1471613232262931,-0.1104902528045247,0.3024009149729033,0.9259192817178885,-0.08572904204220182,0.9592019321051499,0.30499847012738995,0.8600018509908058,-0.08663868764275928,-0.12900151179247638,-0.11913129456619591
HTML completed,0.0763583725662051,-0.0763583725662051,0.08191692758306963,0.7911510463635587,0.8214896861889679,0.4241730145516637,0.8800344362505009,0.6642669169168738,0.1763686964742015,0.37165875660616465,0.3908676224201244,0.14032048929762678,0.21605279994724472,0.8413446677446612,0.8429817584159321,0.8527524549755311,1.0,-0.03225356336466136,0.27139426619491364,0.9017960020706339,0.15344784673934458,0.7702938728425459,0.937220226029159,0.9256769466011188,0.9049899745572726,-0.1364759510173415,0.05441030202362474,0.03195885941614585,0.056981682943691665,0.07467239929781991,0.4242391762396444,0.7873954241199709,0.17692717312924233,0.8611876076403088,0.30356632284757945,0.7960708147597443,-0.09458926534750885,-0.14079899348166877,-0.1263835717495324
HTML loading rate,-0.06297971965316222,0.06297971965316222,0.24773205239381035,0.15463667643367346,0.09005362447227885,-0.09284871783049298,0.07974748568153824,-0.012905568735101994,-0.1596206767460052,-0.4398494978419328,-0.08870111810212689,-0.14375347329120075,-0.5700438995530422,0.15012474944225843,0.14532589446990551,0.13209491569026396,-0.03225356336466136,1.0,-0.3262333221454332,0.11659649298028511,-0.07184371640012086,0.15538021134099375,0.036303561828325746,0.017882201181285994,0.01705781855511647,-0.1788866865110013,0.011700701766674445,-0.3036449505785958,-0.42662698051585185,-0.46173124393034676,-0.0923262701573826,0.0646927213463178,-0.15913313716373928,0.08977508180589501,0.0320457093523974,0.021125063847050977,-0.1535910009945268,-0.29825538364828336,-0.11842955133457177
HTML completion rate,0.4861887989531654,-0.4861887989531654,0.19620897920964692,-0.15224730350858265,-0.09542854305028588,0.09097557376433074,-0.014263017523875285,0.12575502525410803,0.26791324886634127,0.5372727459926578,0.06131860111307619,0.22181819244600923,0.3341127292337801,-0.16265814913432103,-0.16111567517204595,-0.15889611363244766,0.27139426619491364,-0.3262333221454332,1.0,0.017840086080786948,-0.03441772388161198,-0.07494277106901437,0.17696570392967562,0.166997822120424,0.16150042810788925,0.2841028888282383,0.054960984612127006,0.6258193041485229,0.6321417217809977,0.5864999389140463,0.09049400006570567,-0.03278431777647728,0.2674260070732451,-0.09982650282916047,-0.026874409177667133,-0.11915206902099026,-0.055389063180861044,0.03363914002207763,-0.13002186412848704
Challenge started,-0.2618264848114489,0.2618264848114489,0.08856759019442442,0.8779846528230164,0.8316565610967873,0.368952852146519,0.9490109484748357,0.784543567272848,0.01372448870681494,0.30547363832660923,0.34448536114845835,-0.00962969991994508,0.20460199512471147,0.8588549406494962,0.8587644703223728,0.8759823189224828,0.9017960020706339,0.11659649298028511,0.017840086080786948,1.0,0.11179824316976515,0.8235752939276689,0.9579280343108209,0.9423261011018728,0.9218894190042275,-0.3412056466702534,0.019555484824484343,-0.21673582774652198,-0.17440843825064653,-0.10834097727904218,0.3690804426649297,0.7418816228658165,0.014261991303603129,0.8896502642479119,0.49050359300568613,0.822874880782274,-0.07816921344853277,-0.08825662561696113,-0.10686063484151868
Challenge failed,-0.2128546593528206,0.2128546593528206,-0.14638021521095482,0.4790878447747688,0.20716737088170986,0.4888723650076032,0.38953324302921133,0.31849121706578837,0.24282069563834238,-0.10450016041176047,0.525923348150261,0.2698182134858291,-0.17206569284327897,0.21906444734727135,0.22239998083161933,0.2538767117261836,0.15344784673934458,-0.07184371640012086,-0.03441772388161198,0.11179824316976515,1.0,0.0007358295891097686,0.12628200545423388,0.0798398808245988,0.017297540793638756,0.4704929264095926,-0.08010104465333054,0.2581903593855993,0.24640893695831995,0.16571937497407818,0.4888132497144797,0.4859738241969776,0.24317342977495615,0.22076135930658514,0.22621325372654558,0.3026446154818663,-0.29744225033238963,-0.17645687304729377,-0.22984614960717323
Challenge solved,-0.21095655098536095,0.21095655098536095,0.09069846272833523,0.7704643051431942,0.9080710849052996,0.030110887468284647,0.7810878257998998,0.4002722097090137,-0.2756681108573695,0.08494027993000583,0.022419839153642006,-0.2782476496882677,-0.014633829983048947,0.9085873881292298,0.9068734295194616,0.9010957255955424,0.7702938728425459,0.15538021134099375,-0.07494277106901437,0.8235752939276689,0.0007358295891097686,1.0,0.8182784708460015,0.8178479019167809,0.8193080746550195,-0.22025735642987737,0.3232051399596155,-0.10499645709402969,-0.06906171634387434,-0.017789677793155392,0.030318762928500595,0.8413072514775185,-0.2754359668790219,0.905352921164707,0.26290171126394873,0.7673296516560572,0.010566939610293783,-0.06691874548223119,-0.0533144387418617
Challenge pass 25,-0.2667960421154755,0.2667960421154755,0.2105604075827664,0.8303874251365015,0.8351056028212629,0.44227488948087157,0.9288052840297137,0.7104527340250201,0.1463117068578644,0.4194488688957727,0.4170656677459945,0.1211973718761723,0.21233341447850615,0.8165953003505099,0.8168066180292167,0.8386196754988156,0.937220226029159,0.036303561828325746,0.17696570392967562,0.9579280343108209,0.12628200545423388,0.8182784708460015,1.0,0.9941561450186245,0.9782304288512529,-0.19275669825864186,0.10306148024051962,-0.02336588631872635,0.02251862397505767,0.0726500507846795,0.44218469936751853,0.7382736441737607,0.14660665147450738,0.8666185636405208,0.33618716851736286,0.7977353498773883,-0.09696032825396217,-0.11932968841551618,-0.12282126782653717
Challenge pass 50,-0.26939333425668155,0.26939333425668155,0.21744470379465672,0.797658137409032,0.8274453911825552,0.44559998929169176,0.9020265331600926,0.665350977991334,0.15818006621167696,0.4309653716058443,0.42050162948654407,0.13331057256159018,0.2152063060181813,0.8025747407185473,0.8027961296192354,0.8242359789602818,0.9256769466011188,0.017882201181285994,0.166997822120424,0.9423261011018728,0.0798398808245988,0.8178479019167809,0.9941561450186245,1.0,0.9918172138298541,-0.2213031103117857,0.1002912327464214,-0.05840289629587748,0.011642785822782485,0.08378086467600465,0.44548810185298887,0.7126657330044913,0.15845117139610482,0.8594840323969055,0.28536852238722066,0.791133085981185,-0.06774301125425862,-0.11155909621281138,-0.0983602530756643
Challenge pass 75,-0.27220609843433924,0.27220609843433924,0.11538814781758808,0.7556606312927517,0.7949043813217966,0.4465589994020573,0.86496179455352,0.6159258112722247,0.174388031723966,0.4374393660286214,0.4217785521345097,0.15002794886940785,0.21987346024690133,0.7883467320580131,0.7881610555932627,0.8075482971728093,0.9049899745572726,0.01705781855511647,0.16150042810788925,0.9218894190042275,0.017297540793638756,0.8193080746550195,0.9782304288512529,0.9918172138298541,1.0,-0.23463103671475485,0.10063660838647798,-0.0754728417078793,0.0023368117739347863,0.09179273416777556,0.44647130065830676,0.6800664046712764,0.1746367313079524,0.8317868853799887,0.22643261938915218,0.7500860709094672,-0.04729514303029738,-0.10216027299728604,-0.08165499466494891
Challenge failed rate,-0.25211027965767485,0.25211027965767485,-0.4014507193485815,-0.12239770295058935,-0.13775974824522308,0.12419493739579096,-0.1438422666649127,-0.14267638026072504,0.42589592245182306,0.012024011833022938,0.14536117071057084,0.4485996181509439,-0.19808316210038712,-0.21373544943470357,-0.212796357889276,-0.2041486306977904,-0.1364759510173415,-0.1788866865110013,0.2841028888282383,-0.3412056466702534,0.4704929264095926,-0.22025735642987737,-0.19275669825864186,-0.2213031103117857,-0.23463103671475485,1.0,0.018567356748457393,0.8222843559062526,0.7545844217899573,0.5680034646453086,0.12356463374606831,0.05243158714782875,0.42500223461256004,-0.23900922593596216,-0.19518226892458687,-0.23206152513172337,-0.3536948470481201,-0.18039452835336123,-0.2697298181426315
Challenge solved rate,-0.3745409424539296,0.3745409424539296,0.2737245929854384,0.003487417853911137,0.18028928561424462,-0.28051555153784163,0.02384182562454126,-0.11023333848284617,-0.25393184937700425,0.0627242285406377,-0.26384559993513923,-0.22531700244030778,0.009242933983883433,0.10083095757675797,0.09940365930275971,0.09289228546184394,0.05441030202362474,0.011700701766674445,0.054960984612127006,0.019555484824484343,-0.08010104465333054,0.3232051399596155,0.10306148024051962,0.1002912327464214,0.10063660838647798,0.018567356748457393,1.0,0.2782455124331502,0.2345019500821749,0.21683181226619372,-0.28083513232844587,0.1863378851825447,-0.25461215240087237,0.1252633627116984,-0.06539891203636544,0.05781077267127962,0.24223794270610088,-0.026170135218637366,0.17157624077067202
Challenge pass 25 rate,-0.5324784628165307,0.5324784628165307,0.2151026025196579,-0.14888984990491758,-0.08564313396432331,-0.0029237855320632753,-0.10052983020667672,-0.04499465704813081,0.28720834386608196,0.27155373129782884,-0.001009735158063186,0.2849894248542138,0.06306647990571468,-0.18088482394866304,-0.18033562190859972,-0.1743875887797699,0.03195885941614585,-0.3036449505785958,0.6258193041485229,-0.21673582774652198,0.2581903593855993,-0.10499645709402969,-0.02336588631872635,-0.05840289629587748,-0.0754728417078793,0.8222843559062526,0.2782455124331502,1.0,0.9283807719982626,0.7643833076262626,-0.0035057462564863934,0.051382896981724754,0.2862846209372286,-0.20219157900108647,-0.11606279033748568,-0.2405531306339129,-0.20976352814493895,-0.09559099933804129,-0.1780703518005331
Challenge pass 50 rate,-0.5534681068877237,0.5534681068877237,0.25652044630456444,-0.1318156480107654,-0.06561026695253566,0.02464186923635009,-0.0700923962288245,-0.03450813661031257,0.29952286854257515,0.3408356139293572,0.027536829103217884,0.2966444824504429,0.11327974158339943,-0.1587518023685833,-0.15776464175548677,-0.1471613232262931,0.056981682943691665,-0.42662698051585185,0.6321417217809977,-0.17440843825064653,0.24640893695831995,-0.06906171634387434,0.02251862397505767,0.011642785822782485,0.0023368117739347863,0.7545844217899573,0.2345019500821749,0.9283807719982626,1.0,0.9427195745839184,0.02402731242711621,0.06166395478489327,0.29857701306651674,-0.16154807196866902,-0.12810991755130283,-0.1984559656924826,-0.16850279562110262,-0.08697220522701252,-0.15602185788789114
Challenge pass 75 rate,-0.5734553993990793,0.5734553993990793,0.15708872269672106,-0.11928186976195007,-0.06714503489265634,0.03518617899155469,-0.04316155490719086,-0.019405141661263208,0.2601203864688792,0.3891193805808322,0.0376898114342588,0.2556443397600769,0.1741519163790968,-0.12396776400562015,-0.12320714398488906,-0.1104902528045247,0.07467239929781991,-0.46173124393034676,0.5864999389140463,-0.10834097727904218,0.16571937497407818,-0.017789677793155392,0.0726500507846795,0.08378086467600465,0.09179273416777556,0.5680034646453086,0.21683181226619372,0.7643833076262626,0.9427195745839184,1.0,0.034653766207934936,0.04458025033590322,0.2592520441130278,-0.1267575422766779,-0.13599636007287655,-0.17473472938990872,-0.07241772155234522,-0.05723561522174798,-0.08224869567643038
Redirect count,-0.22174827602831024,0.22174827602831024,-0.4523127450084645,0.4696721061925466,0.23243351559312547,0.999998289600505,0.4981384679771051,0.37010260415252183,0.7920066161857053,0.26648013258105585,0.9975252064624186,0.7842915413215282,0.015303386479262424,0.2550450144317232,0.25789181802924244,0.3024009149729033,0.4242391762396444,-0.0923262701573826,0.09049400006570567,0.3690804426649297,0.4888132497144797,0.030318762928500595,0.44218469936751853,0.44548810185298887,0.44647130065830676,0.12356463374606831,-0.28083513232844587,-0.0035057462564863934,0.02402731242711621,0.034653766207934936,1.0,0.2748071646874732,0.7927699791445487,0.2926304370531118,-0.07868412599705168,0.3748465193660454,-0.252218932166891,-0.22842307869322756,-0.17886800568614708
Endcard shown,-0.13712158166327526,0.13712158166327526,-0.07165190814755394,0.8887933088648688,0.8989675028596321,0.27450352963316005,0.8428565910752995,0.46445482874363103,-0.08782036989699908,-0.016079270748070564,0.27959545538612784,-0.08468812322437197,-0.11744597078713163,0.9218767532356027,0.9228623003810993,0.9259192817178885,0.7873954241199709,0.0646927213463178,-0.03278431777647728,0.7418816228658165,0.4859738241969776,0.8413072514775185,0.7382736441737607,0.7126657330044913,0.6800664046712764,0.05243158714782875,0.1863378851825447,0.051382896981724754,0.06166395478489327,0.04458025033590322,0.2748071646874732,1.0,-0.08720385099219394,0.904974505901399,0.31031287122879664,0.8298055744527287,-0.13843550335794536,-0.17622483541775807,-0.1625801367573492
Redirect rate,0.07891960971911559,-0.07891960971911559,-0.5119173548945576,0.023672156543839723,-0.11915506817752135,0.7932046208253177,0.11104449292279156,0.14652165787814453,0.9999972390504245,0.40306968434073737,0.7827049435455915,0.9962450912608745,0.07439927306974412,-0.1236573692110353,-0.12101980004131528,-0.08572904204220182,0.17692717312924233,-0.15913313716373928,0.2674260070732451,0.014261991303603129,0.24317342977495615,-0.2754359668790219,0.14660665147450738,0.15845117139610482,0.1746367313079524,0.42500223461256004,-0.25461215240087237,0.2862846209372286,0.29857701306651674,0.2592520441130278,0.7927699791445487,-0.08720385099219394,1.0,-0.09574154624491373,-0.2794126625295847,-0.016508562554042552,-0.3343982364478417,-0.23076247525791937,-0.24549698604960518
Black view error,-0.061206127800692164,0.061206127800692164,0.16318049747917351,0.9128764786648954,0.9698659918543409,0.2924652423259421,0.9113091375930751,0.5417608598355723,-0.09628683555439702,0.0941678945590255,0.28172287441293814,-0.10450203698305913,0.0030363461691911967,0.9520394176395344,0.9527712572446173,0.9592019321051499,0.8611876076403088,0.08977508180589501,-0.09982650282916047,0.8896502642479119,0.22076135930658514,0.905352921164707,0.8666185636405208,0.8594840323969055,0.8317868853799887,-0.23900922593596216,0.1252633627116984,-0.20219157900108647,-0.16154807196866902,-0.1267575422766779,0.2926304370531118,0.904974505901399,-0.09574154624491373,1.0,0.3313685394417909,0.9483682144643294,-0.028771615300854512,-0.12304237059420683,-0.06878563574233137
Rendering error,-0.3929090353251763,0.3929090353251763,-0.14170505031628383,0.4344519648556372,0.30820377345140054,-0.0785911928561918,0.4592618719598592,0.7857664527839442,-0.27944866473705016,0.14361310037574265,-0.08060903973216052,-0.2823229640925781,0.3706459847891474,0.2944915302128247,0.29446969165975184,0.30499847012738995,0.30356632284757945,0.0320457093523974,-0.026874409177667133,0.49050359300568613,0.22621325372654558,0.26290171126394873,0.33618716851736286,0.28536852238722066,0.22643261938915218,-0.19518226892458687,-0.06539891203636544,-0.11606279033748568,-0.12810991755130283,-0.13599636007287655,-0.07868412599705168,0.31031287122879664,-0.2794126625295847,0.3313685394417909,1.0,0.34776529597336847,-0.04794512639599923,0.3009287020256742,-0.06361115158596473
Runtime error,0.01867296274501624,-0.01867296274501624,0.2737207587012726,0.8905556835390048,0.9132849359370856,0.37497558274693216,0.8851624304041544,0.5705082222664235,-0.0168907374821959,0.08903393667872832,0.3666643667726361,-0.022733472265707322,0.0385577845187486,0.8425962992767205,0.8447590108924949,0.8600018509908058,0.7960708147597443,0.021125063847050977,-0.11915206902099026,0.822874880782274,0.3026446154818663,0.7673296516560572,0.7977353498773883,0.791133085981185,0.7500860709094672,-0.23206152513172337,0.05781077267127962,-0.2405531306339129,-0.1984559656924826,-0.17473472938990872,0.3748465193660454,0.8298055744527287,-0.016508562554042552,0.9483682144643294,0.34776529597336847,1.0,-0.03832993341509578,-0.13858568056441012,-0.03084127450834669
Black view error rate,0.5593326164796784,-0.5593326164796784,0.21491000253905382,-0.20395884588132948,-0.0436135678467292,-0.2522722366305889,-0.17483495511592506,-0.1557913906510327,-0.33431145417848884,-0.03846096350285956,-0.2550713930093398,-0.34186777691234466,0.10565708283735076,-0.06607396953117568,-0.06627497122372769,-0.08663868764275928,-0.09458926534750885,-0.1535910009945268,-0.055389063180861044,-0.07816921344853277,-0.29744225033238963,0.010566939610293783,-0.09696032825396217,-0.06774301125425862,-0.04729514303029738,-0.3536948470481201,0.24223794270610088,-0.20976352814493895,-0.16850279562110262,-0.07241772155234522,-0.252218932166891,-0.13843550335794536,-0.3343982364478417,-0.028771615300854512,-0.04794512639599923,-0.03832993341509578,1.0,0.094361187092089,0.9546582399497507
Rendering error rate,-0.3796205690516595,0.3796205690516595,-0.044676705160877024,-0.17714686062616275,-0.1241152203067681,-0.22843848446731058,-0.1539171452542708,-0.02065592893046405,-0.2305892712051492,0.3111851036075425,-0.22737368013269837,-0.2263701797708767,0.6040363672522879,-0.11820904910817308,-0.11842279654695964,-0.12900151179247638,-0.14079899348166877,-0.29825538364828336,0.03363914002207763,-0.08825662561696113,-0.17645687304729377,-0.06691874548223119,-0.11932968841551618,-0.11155909621281138,-0.10216027299728604,-0.18039452835336123,-0.026170135218637366,-0.09559099933804129,-0.08697220522701252,-0.05723561522174798,-0.22842307869322756,-0.17622483541775807,-0.23076247525791937,-0.12304237059420683,0.3009287020256742,-0.13858568056441012,0.094361187092089,1.0,0.009188015269668675
Runtime error rate,0.5181927900254054,-0.5181927900254054,0.07420337907050274,-0.19066323284790182,-0.07443504607018402,-0.17879698135041536,-0.1705576121898729,-0.13145117892636846,-0.24534362539583918,-0.08282993618032365,-0.17917104976415255,-0.24765288661153273,0.039188387342682325,-0.10596235414461326,-0.10591482532789848,-0.11913129456619591,-0.1263835717495324,-0.11842955133457177,-0.13002186412848704,-0.10686063484151868,-0.22984614960717323,-0.0533144387418617,-0.12282126782653717,-0.0983602530756643,-0.08165499466494891,-0.2697298181426315,0.17157624077067202,-0.1780703518005331,-0.15602185788789114,-0.08224869567643038,-0.17886800568614708,-0.1625801367573492,-0.24549698604960518,-0.06878563574233137,-0.06361115158596473,-0.03084127450834669,0.9546582399497507,0.009188015269668675,1.0
