,点消,拖消,目标物品,Impressions,Spend,Unique redirects,Unique interactions,Total interactions,Unique redirects rate,Unique interactions rate,CTA clicked,CTA click rate,Average duration,HTML loading,HTML loaded,HTML displayed,HTML completed,HTML loading rate,HTML completion rate,Challenge started,Challenge failed,Challenge solved,Challenge pass 25,Challenge pass 50,Challenge pass 75,Challenge failed rate,Challenge solved rate,Challenge pass 25 rate,Challenge pass 50 rate,Challenge pass 75 rate,Redirect count,Endcard shown,Redirect rate,Black view error,Rendering error,Runtime error,Black view error rate,Rendering error rate,Runtime error rate
点消,1.0,-1.0,0.14907119849998599,-0.3944053188733077,0.0563436169819011,0.0563436169819011,-0.50709255283711,-0.3944053188733077,-0.0563436169819011,-0.3944053188733077,-0.0563436169819011,-0.0563436169819011,0.2817180849095055,0.1690308509457033,0.1690308509457033,0.0563436169819011,0.2817180849095055,-0.3944053188733077,0.3944053188733077,-0.1690308509457033,-0.0563436169819011,-0.1690308509457033,-0.2817180849095055,-0.2817180849095055,-0.2817180849095055,0.0563436169819011,-0.3944053188733077,-0.50709255283711,-0.50709255283711,-0.50709255283711,0.0563436169819011,0.0563436169819011,-0.0563436169819011,0.0563436169819011,-0.4230785196508496,0.0563436169819011,0.6235022213916492,-0.3626387311292997,0.396774140885595
拖消,-1.0,1.0,-0.14907119849998599,0.3944053188733077,-0.0563436169819011,-0.0563436169819011,0.50709255283711,0.3944053188733077,0.0563436169819011,0.3944053188733077,0.0563436169819011,0.0563436169819011,-0.2817180849095055,-0.1690308509457033,-0.1690308509457033,-0.0563436169819011,-0.2817180849095055,0.3944053188733077,-0.3944053188733077,0.1690308509457033,0.0563436169819011,0.1690308509457033,0.2817180849095055,0.2817180849095055,0.2817180849095055,-0.0563436169819011,0.3944053188733077,0.50709255283711,0.50709255283711,0.50709255283711,-0.0563436169819011,-0.0563436169819011,0.0563436169819011,-0.0563436169819011,0.4230785196508496,-0.0563436169819011,-0.6235022213916492,0.3626387311292997,-0.396774140885595
目标物品,0.14907119849998599,-0.14907119849998599,1.0,0.2519763153394848,0.5039526306789696,-0.629940788348712,0.1259881576697424,0.2519763153394848,-0.3779644730092272,0.2519763153394848,-0.7559289460184544,-0.3779644730092272,0.2519763153394848,0.1259881576697424,0.1259881576697424,0.1259881576697424,0.1259881576697424,0.0,0.2519763153394848,0.2519763153394848,-0.1259881576697424,0.5039526306789696,0.3779644730092272,0.5039526306789696,0.3779644730092272,-0.5039526306789696,0.2519763153394848,0.2519763153394848,0.2519763153394848,0.0,-0.629940788348712,0.0,-0.3779644730092272,0.3779644730092272,0.0,0.2519763153394848,0.06337242505244779,0.06757373783994859,0.31686212526223895
Impressions,-0.3944053188733077,0.3944053188733077,0.2519763153394848,1.0,0.8817733990147784,0.857651277686831,0.9660645867542419,0.7733990147783252,0.2260536398467433,0.0361247947454844,0.8515122565029267,0.22769567597153803,-0.19791952562003792,0.9622331691297209,0.9622331691297209,0.9600437876299945,0.7026139384259121,0.3051603148104208,-0.08621869521003597,0.7821565407772304,0.5684102666415787,0.4840543363337457,0.7985769020251778,0.7608100711548987,0.6743295019157088,0.2824176796521051,-0.11192209894684206,0.061850027367268745,-0.0010946907498631637,-0.11932129173508484,0.8613658216697879,0.7703487637448407,0.2260536398467433,0.8527238206174524,0.17570815743731516,0.7532904925702827,-0.18381052140994,0.003960838702916725,-0.1046863136785945
Spend,0.0563436169819011,-0.0563436169819011,0.5039526306789696,0.8817733990147784,1.0,0.7790857121917398,0.8866995073891626,0.675424192665572,0.23043240284619596,0.15599343185550082,0.7781579380385151,0.22550629447181172,-0.006843690374136857,0.8970990695128627,0.896551724137931,0.8620689655172413,0.7450390106721203,0.16355714714659242,0.11276857913185658,0.6579091406677614,0.5469608226173682,0.5266841216358654,0.7422003284072249,0.7137383689107827,0.5993431855500821,0.2950673517689473,0.02804927295473683,0.210727969348659,0.17788724685276408,0.02681992337164751,0.7830847206219458,0.834750030013086,0.23043240284619596,0.8973446818568248,0.20620844136983024,0.8218212870180887,0.0717710232628976,0.04026852681298671,0.061934834794142295
Unique redirects,0.0563436169819011,-0.0563436169819011,-0.629940788348712,0.857651277686831,0.7790857121917398,1.0,0.8683274346704845,0.6876540087932714,0.5978647910845959,0.09663290808281243,0.9976728361789164,0.5970435482396994,-0.13430996714129245,0.8223378353562848,0.821242844896423,0.8398576827140751,0.5642710525150239,0.0804284639422387,-0.10568104137350762,0.5767862247322544,0.5348700391652419,0.12709905158758592,0.633725728645073,0.5869148864859769,0.4749521119650979,0.3987112994445966,-0.2728676157633942,0.16561730705411196,0.07007938943116142,-0.058308241987646024,0.9998631168291445,0.6074565055213432,0.5978647910845959,0.7317907995618839,-0.06300696246205076,0.6553337664219684,-0.2323606518608558,-0.17151825513377264,-0.07579500170426506
Unique interactions,-0.50709255283711,0.50709255283711,0.1259881576697424,0.9660645867542419,0.8866995073891626,0.8683274346704845,1.0,0.8505747126436781,0.27859879584017516,0.23864258347016967,0.864650343392075,0.270935960591133,-0.0002737476149654743,0.9239189928845101,0.9277504105090312,0.9469074986316366,0.7647461410058428,0.16794794304314523,0.039414260667445015,0.8007662835249042,0.5310112360352629,0.43344865571703595,0.879584017515052,0.8374384236453202,0.7493158182813355,0.2538184209531578,-0.10807219873736838,0.1412151067323481,0.10673234811165845,0.009852216748768473,0.8712193868366492,0.7358187231073985,0.27859879584017516,0.862304987141244,0.16907766093024668,0.7741238540824158,-0.11861394302608648,0.010562236541111268,-0.04412171859228721
Total interactions,-0.3944053188733077,0.3944053188733077,0.2519763153394848,0.7733990147783252,0.675424192665572,0.6876540087932714,0.8505747126436781,1.0,0.28078817733990147,0.48330596606458676,0.6883810109626681,0.2616310892172961,0.2937311908579539,0.7066228790366721,0.7186644772851669,0.8035030103995622,0.7004242572777207,-0.027442474353455103,0.12946489788681592,0.6962233169129721,0.4157892226231577,0.29043260180024744,0.8987411056376574,0.8631636562671046,0.7952928297755884,0.16994559496105258,-0.12979663563368415,0.25177887246852765,0.2583470169677066,0.21510673234811165,0.6894758515367638,0.5368599175297556,0.28078817733990147,0.6090884432981803,0.3613620596352331,0.5359108125818424,-0.2564033502827181,0.2581146554734066,-0.10167178632135748
Unique redirects rate,-0.0563436169819011,0.0563436169819011,-0.3779644730092272,0.2260536398467433,0.23043240284619596,0.5978647910845959,0.27859879584017516,0.28078817733990147,1.0,0.21839080459770116,0.6059942577619671,0.9950738916256158,-0.06214070859716267,0.180623973727422,0.18171866447728516,0.23535851122058019,0.06760640545040916,-0.1608128997112469,0.027097304208868446,-0.1330049261083744,0.43036384484473666,-0.28328179910440804,0.17898193760262726,0.16037219485495346,0.06513409961685823,0.6547580284826313,-0.22989404107999992,0.5232621784345922,0.38368910782703886,0.22550629447181172,0.5939510114469144,0.1660730525896028,1.0,0.05338078491826749,-0.3016875910716166,0.02220397740108912,-0.4415835477091256,-0.2749482199608027,-0.2677448389109603
Unique interactions rate,-0.3944053188733077,0.3944053188733077,0.2519763153394848,0.0361247947454844,0.15599343185550082,0.09663290808281243,0.23864258347016967,0.48330596606458676,0.21839080459770116,1.0,0.11386341970595226,0.1921182266009852,0.7829181788012565,0.0361247947454844,0.047619047619047616,0.13136288998357964,0.30327083902450747,-0.4582893217027002,0.38045709949825396,0.2320744389709907,-0.014299629349473679,0.083334354493821,0.47783251231527096,0.4909688013136289,0.49808429118773945,-0.03244915890842104,0.0863477618410526,0.4329501915708812,0.4822112753147236,0.4767378215654078,0.09415628937222975,0.04275147888445221,0.21839080459770116,0.16424856897928458,0.264556810632033,0.187500253609197,0.21065617133270323,0.29970346185403224,0.24171028446209517
CTA clicked,-0.0563436169819011,0.0563436169819011,-0.7559289460184544,0.8515122565029267,0.7781579380385151,0.9976728361789164,0.864650343392075,0.6883810109626681,0.6059942577619671,0.11386341970595226,1.0,0.6084576490536824,-0.12361396419725049,0.8134665465531012,0.8112768654049098,0.828794314590441,0.5505064330687106,0.09057255983239657,-0.10402408978921435,0.5657588666639504,0.5331466414051871,0.1259813798069426,0.6309018808226442,0.5791706636966226,0.4653072439906703,0.4052574547900661,-0.26265413595148496,0.1765430425729308,0.07143834745974409,-0.059942521431739296,0.9972625239529154,0.5988767060302043,0.6059942577619671,0.7303217043104444,-0.03779900272154579,0.6548328212147936,-0.224657610130187,-0.1445903992318842,-0.0707140458378914
CTA click rate,-0.0563436169819011,0.0563436169819011,-0.3779644730092272,0.22769567597153803,0.22550629447181172,0.5970435482396994,0.270935960591133,0.2616310892172961,0.9950738916256158,0.1921182266009852,0.6084576490536824,1.0,-0.0895154700937101,0.17679255610290093,0.17515051997810618,0.2233169129720854,0.030655536074679458,-0.13282157587072269,-0.020254550620770355,-0.14887794198139026,0.4311888234610525,-0.28218167561274043,0.1499726327312534,0.1291735084838533,0.037219485495347565,0.6599828930526314,-0.2337439412894736,0.5084838533114395,0.3519430760810071,0.18609742747673783,0.5931298810163427,0.15593327875162374,0.9950738916256158,0.05912948483254245,-0.27914390294758373,0.032894781334946846,-0.43446123242349455,-0.2531636070947607,-0.2521241062416412
Average duration,0.2817180849095055,-0.2817180849095055,0.2519763153394848,-0.19791952562003792,-0.006843690374136857,-0.13430996714129245,-0.0002737476149654743,0.2937311908579539,-0.06214070859716267,0.7829181788012565,-0.12361396419725049,-0.0895154700937101,1.0,-0.165069811824181,-0.14727621685142517,-0.05912948483254245,0.2778918574976949,-0.6604467039079396,0.5032169793899145,0.11086778406101709,-0.15843926076584178,-0.06396218505219421,0.20996442067851878,0.22118807289210324,0.24555161062403044,-0.24288518620874702,0.05707664341825029,0.08896797486377915,0.2811388005695421,0.3758554753475962,-0.13785078842373338,-0.12061410759449052,-0.06214070859716267,0.008214676889375685,0.26197631760536894,0.04250072543740799,0.31004254431669614,0.32273165426999567,0.26836638939774143
HTML loading,0.1690308509457033,-0.1690308509457033,0.1259881576697424,0.9622331691297209,0.8970990695128627,0.8223378353562848,0.9239189928845101,0.7066228790366721,0.180623973727422,0.0361247947454844,0.8134665465531012,0.17679255610290093,-0.165069811824181,1.0,0.9989053092501369,0.9677066228790366,0.7600930685659362,0.30625801378455897,-0.05611057942240436,0.7936507936507936,0.5323862003957892,0.5316346773483697,0.7547892720306514,0.7214012041598249,0.6349206349206349,0.2381438272431578,-0.08277285450368418,-0.037219485495347565,-0.08866995073891626,-0.18555008210180624,0.8260572131552018,0.8062490440901179,0.180623973727422,0.8664112013657261,0.17703425673872886,0.7672707746376352,-0.09368583952637777,0.0023104892433680898,-0.06631960185921432
HTML loaded,0.1690308509457033,-0.1690308509457033,0.1259881576697424,0.9622331691297209,0.896551724137931,0.821242844896423,0.9277504105090312,0.7186644772851669,0.18171866447728516,0.047619047619047616,0.8112768654049098,0.17515051997810618,-0.14727621685142517,0.9989053092501369,1.0,0.9726327312534209,0.7773368076079433,0.28101093737938027,-0.031202956361727305,0.7969348659003831,0.5411859723031577,0.5338349243317049,0.7690202517788725,0.7372742200328407,0.6507936507936508,0.24309369894105254,-0.07672301131736839,-0.029556650246305417,-0.07006020799124248,-0.16091954022988506,0.824962372581106,0.8133742905708599,0.18171866447728516,0.8609362490664166,0.17703425673872886,0.7527422462147003,-0.10080815481200883,0.0023104892433680898,-0.08084414276226538
HTML displayed,0.0563436169819011,-0.0563436169819011,0.1259881576697424,0.9600437876299945,0.8620689655172413,0.8398576827140751,0.9469074986316366,0.8035030103995622,0.23535851122058019,0.13136288998357964,0.828794314590441,0.2233169129720854,-0.05912948483254245,0.9677066228790366,0.9726327312534209,1.0,0.7811687496172782,0.19484156790953122,-0.038866840380397165,0.8084291187739464,0.5565855731410524,0.5088071148962668,0.8100711548987412,0.7843459222769568,0.7066228790366721,0.25464339956947357,-0.0841478188642105,0.0021893814997263274,-0.011494252873563218,-0.09085933223864258,0.8419324014795894,0.8062490440901179,0.23535851122058019,0.8324664971100073,0.19692574625993436,0.7313606383469848,-0.15504732506412228,0.029046150488055988,-0.10084964249665648
HTML completed,0.2817180849095055,-0.2817180849095055,0.1259881576697424,0.7026139384259121,0.7450390106721203,0.5642710525150239,0.7647461410058428,0.7004242572777207,0.06760640545040916,0.30327083902450747,0.5505064330687106,0.030655536074679458,0.2778918574976949,0.7600930685659362,0.7773368076079433,0.7811687496172782,1.0,0.0024701607227017247,0.5291541199014509,0.7225947789031586,0.3480511089493238,0.5341830558626256,0.8151088074142449,0.8041604016732878,0.7280689817736371,0.0642196238164102,0.08855982384961064,0.08348159377479673,0.1962501729066533,0.20062953520303609,0.5666575417465097,0.6787726144090622,0.06760640545040916,0.6648870698848789,0.22613087593065112,0.5646339523934969,0.018082197888527246,0.08021796121768918,-0.06564346503168601
HTML loading rate,-0.3944053188733077,0.3944053188733077,0.0,0.3051603148104208,0.16355714714659242,0.0804284639422387,0.16794794304314523,-0.027442474353455103,-0.1608128997112469,-0.4582893217027002,0.09057255983239657,-0.13282157587072269,-0.6604467039079396,0.30625801378455897,0.28101093737938027,0.19484156790953122,0.0024701607227017247,1.0,-0.31810180862347764,0.1355658233060682,0.06507665922978478,0.28819706105512227,0.08726706844398723,0.025795925892247797,0.01042814025431294,0.07224612168730345,0.02481737004525691,-0.1350169738189991,-0.3199792509612865,-0.3737665006940585,0.08178976615167932,0.21654321072502408,-0.1608128997112469,0.20779640684052797,0.044546405218822756,0.15200668891269867,-0.22084913653034602,-0.039055277530246416,-0.27837344221376825
HTML completion rate,0.3944053188733077,-0.3944053188733077,0.2519763153394848,-0.08621869521003597,0.11276857913185658,-0.10568104137350762,0.039414260667445015,0.12946489788681592,0.027097304208868446,0.38045709949825396,-0.10402408978921435,-0.020254550620770355,0.5032169793899145,-0.05611057942240436,-0.031202956361727305,-0.038866840380397165,0.5291541199014509,-0.31810180862347764,1.0,0.07718626047374649,-0.011963827134962928,0.11525370772731211,0.2988914767281247,0.3098398824690816,0.265498839218206,-0.04551754921462907,0.15731745106204126,0.2980703462975529,0.47379225843991196,0.5011632727923043,-0.10375034218450589,0.0634507814398134,0.027097304208868446,-0.007529089735159221,0.1160495697591318,-0.07196718257018352,0.15479457283360445,0.1402989033642712,-0.04453888545991222
Challenge started,-0.1690308509457033,0.1690308509457033,0.2519763153394848,0.7821565407772304,0.6579091406677614,0.5767862247322544,0.8007662835249042,0.6962233169129721,-0.1330049261083744,0.2320744389709907,0.5657588666639504,-0.14887794198139026,0.11086778406101709,0.7936507936507936,0.7969348659003831,0.8084291187739464,0.7225947789031586,0.1355658233060682,0.07718626047374649,1.0,0.1405213576457894,0.511007361879602,0.7837985769020251,0.7816091954022989,0.7876299945265463,-0.26591810732578935,-0.1325465643547368,-0.2194854953475643,-0.14066776135741654,-0.13464696223316913,0.5810866347012901,0.4738288909693453,-0.1330049261083744,0.8067342213032528,0.3361661729083728,0.7513716303257442,0.11505278538327095,0.20497340287594054,0.15675542257632474
Challenge failed,-0.0563436169819011,0.0563436169819011,-0.1259881576697424,0.5684102666415787,0.5469608226173682,0.5348700391652419,0.5310112360352629,0.4157892226231577,0.43036384484473666,-0.014299629349473679,0.5331466414051871,0.4311888234610525,-0.15843926076584178,0.5323862003957892,0.5411859723031577,0.5565855731410524,0.3480511089493238,0.06507665922978478,-0.011963827134962928,0.1405213576457894,1.0,0.29280088713962116,0.3816901064821051,0.3528158549110525,0.23126900544052623,0.8447084830063554,-0.04932301740812379,0.2824176796521051,0.16554570900736837,-0.017599543814736836,0.5353468854759849,0.7235345079310652,0.43036384484473666,0.36185216586365426,-0.09927097765296695,0.23096108158014578,-0.41949114114928043,-0.1590319933043544,-0.3550895330074628
Challenge solved,-0.1690308509457033,0.1690308509457033,0.5039526306789696,0.4840543363337457,0.5266841216358654,0.12709905158758592,0.43344865571703595,0.29043260180024744,-0.28328179910440804,0.083334354493821,0.1259813798069426,-0.28218167561274043,-0.06396218505219421,0.5316346773483697,0.5338349243317049,0.5088071148962668,0.5341830558626256,0.28819706105512227,0.11525370772731211,0.511007361879602,0.29280088713962116,1.0,0.527509214254616,0.5462113136129654,0.5580376411483922,0.0189304962426277,0.6361752167960433,0.09626080552091534,0.1688689559709772,0.14521630090012372,0.12928220198529045,0.6422514311240469,-0.28328179910440804,0.48597505331054225,0.32317501635348184,0.4623992208208954,0.12539673200589535,0.15756128382654824,0.03621615059726079
Challenge pass 25,-0.2817180849095055,0.2817180849095055,0.3779644730092272,0.7985769020251778,0.7422003284072249,0.633725728645073,0.879584017515052,0.8987411056376574,0.17898193760262726,0.47783251231527096,0.6309018808226442,0.1499726327312534,0.20996442067851878,0.7547892720306514,0.7690202517788725,0.8100711548987412,0.8151088074142449,0.08726706844398723,0.2988914767281247,0.7837985769020251,0.3816901064821051,0.527509214254616,1.0,0.9819376026272578,0.9304871373836892,0.10779720586526312,0.06957319664263155,0.33004926108374383,0.3716475095785441,0.3415435139573071,0.6363760836931226,0.6146895329347839,0.17898193760262726,0.7007938943116142,0.2990353924687892,0.596766158051494,-0.11231343335033592,0.17361676314451646,-0.07837771128816237
Challenge pass 50,-0.2817180849095055,0.2817180849095055,0.5039526306789696,0.7608100711548987,0.7137383689107827,0.5869148864859769,0.8374384236453202,0.8631636562671046,0.16037219485495346,0.4909688013136289,0.5791706636966226,0.1291735084838533,0.22118807289210324,0.7214012041598249,0.7372742200328407,0.7843459222769568,0.8041604016732878,0.025795925892247797,0.3098398824690816,0.7816091954022989,0.3528158549110525,0.5462113136129654,0.9819376026272578,1.0,0.9715380405035577,0.06792323940999997,0.05389860293263156,0.3437328954570334,0.4066776135741653,0.37821565407772306,0.5901190694375795,0.5987947523238979,0.16037219485495346,0.6851902802585822,0.3321878750041317,0.5915578176734607,-0.06985347683984307,0.2082741017950378,-0.026034554448865124
Challenge pass 75,-0.2817180849095055,0.2817180849095055,0.3779644730092272,0.6743295019157088,0.5993431855500821,0.4749521119650979,0.7493158182813355,0.7952928297755884,0.06513409961685823,0.49808429118773945,0.4653072439906703,0.037219485495347565,0.24555161062403044,0.6349206349206349,0.6507936507936508,0.7066228790366721,0.7280689817736371,0.01042814025431294,0.265498839218206,0.7876299945265463,0.23126900544052623,0.5580376411483922,0.9304871373836892,0.9715380405035577,1.0,-0.06957319664263155,0.06599828930526314,0.27257799671592775,0.37219485495347565,0.38752052545155996,0.4778979105927708,0.49246415099590135,0.06513409961685823,0.6277032811158326,0.3626881589366468,0.555099435027228,-0.03150254837875276,0.2505230479594829,0.03809266387781318
Challenge failed rate,0.0563436169819011,-0.0563436169819011,-0.5039526306789696,0.2824176796521051,0.2950673517689473,0.3987112994445966,0.2538184209531578,0.16994559496105258,0.6547580284826313,-0.03244915890842104,0.4052574547900661,0.6599828930526314,-0.24288518620874702,0.2381438272431578,0.24309369894105254,0.25464339956947357,0.0642196238164102,0.07224612168730345,-0.04551754921462907,-0.26591810732578935,0.8447084830063554,0.0189304962426277,0.10779720586526312,0.06792323940999997,-0.06957319664263155,1.0,-0.024177949709864602,0.4391636167521051,0.2397937844757894,0.039048987838947356,0.396456478506875,0.5018617091167902,0.6547580284826313,0.03727173582252007,-0.2684980133835281,-0.0709272254107186,-0.5593215215323739,-0.28804856347201624,-0.4845134031226296
Challenge solved rate,-0.3944053188733077,0.3944053188733077,0.2519763153394848,-0.11192209894684206,0.02804927295473683,-0.2728676157633942,-0.10807219873736838,-0.12979663563368415,-0.22989404107999992,0.0863477618410526,-0.26265413595148496,-0.2337439412894736,0.05707664341825029,-0.08277285450368418,-0.07672301131736839,-0.0841478188642105,0.08855982384961064,0.02481737004525691,0.15731745106204126,-0.1325465643547368,-0.04932301740812379,0.6361752167960433,0.06957319664263155,0.05389860293263156,0.06599828930526314,-0.024177949709864602,1.0,0.2953423446410525,0.4105643580531577,0.46693789683473663,-0.2764056613939711,0.174033799814437,-0.22989404107999992,-0.13272038770749767,-0.013991211615518832,-0.08772940308083058,0.17258592224448743,-0.10049362663445127,-0.033457447274452684
Challenge pass 25 rate,-0.50709255283711,0.50709255283711,0.2519763153394848,0.061850027367268745,0.210727969348659,0.16561730705411196,0.1412151067323481,0.25177887246852765,0.5232621784345922,0.4329501915708812,0.1765430425729308,0.5084838533114395,0.08896797486377915,-0.037219485495347565,-0.029556650246305417,0.0021893814997263274,0.08348159377479673,-0.1350169738189991,0.2980703462975529,-0.2194854953475643,0.2824176796521051,0.09626080552091534,0.33004926108374383,0.3437328954570334,0.27257799671592775,0.4391636167521051,0.2953423446410525,1.0,0.9168035030103996,0.7673782156540777,0.16395237597083032,0.20060309322704495,0.5232621784345922,-0.01970982827751415,-0.1067509937638028,-0.0005482463555824474,-0.15532126026741577,-0.07888670416642478,-0.04905458154049323
Challenge pass 50 rate,-0.50709255283711,0.50709255283711,0.2519763153394848,-0.0010946907498631637,0.17788724685276408,0.07007938943116142,0.10673234811165845,0.2583470169677066,0.38368910782703886,0.4822112753147236,0.07143834745974409,0.3519430760810071,0.2811388005695421,-0.08866995073891626,-0.07006020799124248,-0.011494252873563218,0.1962501729066533,-0.3199792509612865,0.47379225843991196,-0.14066776135741654,0.16554570900736837,0.1688689559709772,0.3716475095785441,0.4066776135741653,0.37219485495347565,0.2397937844757894,0.4105643580531577,0.9168035030103996,1.0,0.9282977558839628,0.06870124602450485,0.17182805936250983,0.38368910782703886,-0.03175472333599502,-0.04177212799453153,-0.02741231777912237,-0.03396796520839428,-0.016833564487396084,-0.021649787383793105
Challenge pass 75 rate,-0.50709255283711,0.50709255283711,0.0,-0.11932129173508484,0.02681992337164751,-0.058308241987646024,0.009852216748768473,0.21510673234811165,0.22550629447181172,0.4767378215654078,-0.059942521431739296,0.18609742747673783,0.3758554753475962,-0.18555008210180624,-0.16091954022988506,-0.09085933223864258,0.20062953520303609,-0.3737665006940585,0.5011632727923043,-0.13464696223316913,-0.017599543814736836,0.14521630090012372,0.3415435139573071,0.37821565407772306,0.38752052545155996,0.039048987838947356,0.46693789683473663,0.7673782156540777,0.9282977558839628,1.0,-0.061584782292882834,0.05042482124832824,0.22550629447181172,-0.13605256463784074,-0.013924042664843842,-0.14720414647388713,-0.00027393520329350226,0.016833564487396084,-0.03809266387781318
Redirect count,0.0563436169819011,-0.0563436169819011,-0.629940788348712,0.8613658216697879,0.7830847206219458,0.9998631168291445,0.8712193868366492,0.6894758515367638,0.5939510114469144,0.09415628937222975,0.9972625239529154,0.5931298810163427,-0.13785078842373338,0.8260572131552018,0.824962372581106,0.8419324014795894,0.5666575417465097,0.08178976615167932,-0.10375034218450589,0.5810866347012901,0.5353468854759849,0.12928220198529045,0.6363760836931226,0.5901190694375795,0.4778979105927708,0.396456478506875,-0.2764056613939711,0.16395237597083032,0.06870124602450485,-0.061584782292882834,1.0,0.6090178676426151,0.5939510114469144,0.7357974059360148,-0.0576932146802541,0.6589452316473755,-0.2295891186452399,-0.16736833883690705,-0.07263264398077993
Endcard shown,0.0563436169819011,-0.0563436169819011,0.0,0.7703487637448407,0.834750030013086,0.6074565055213432,0.7358187231073985,0.5368599175297556,0.1660730525896028,0.04275147888445221,0.5988767060302043,0.15593327875162374,-0.12061410759449052,0.8062490440901179,0.8133742905708599,0.8062490440901179,0.6787726144090622,0.21654321072502408,0.0634507814398134,0.4738288909693453,0.7235345079310652,0.6422514311240469,0.6146895329347839,0.5987947523238979,0.49246415099590135,0.5018617091167902,0.174033799814437,0.20060309322704495,0.17182805936250983,0.05042482124832824,0.6090178676426151,1.0,0.1660730525896028,0.6949017335273489,0.1440790617966761,0.592917947125365,-0.0979289617942241,-0.011568286682551606,-0.15642151481888036
Redirect rate,-0.0563436169819011,0.0563436169819011,-0.3779644730092272,0.2260536398467433,0.23043240284619596,0.5978647910845959,0.27859879584017516,0.28078817733990147,1.0,0.21839080459770116,0.6059942577619671,0.9950738916256158,-0.06214070859716267,0.180623973727422,0.18171866447728516,0.23535851122058019,0.06760640545040916,-0.1608128997112469,0.027097304208868446,-0.1330049261083744,0.43036384484473666,-0.28328179910440804,0.17898193760262726,0.16037219485495346,0.06513409961685823,0.6547580284826313,-0.22989404107999992,0.5232621784345922,0.38368910782703886,0.22550629447181172,0.5939510114469144,0.1660730525896028,1.0,0.05338078491826749,-0.3016875910716166,0.02220397740108912,-0.4415835477091256,-0.2749482199608027,-0.2677448389109603
Black view error,0.0563436169819011,-0.0563436169819011,0.3779644730092272,0.8527238206174524,0.8973446818568248,0.7317907995618839,0.862304987141244,0.6090884432981803,0.05338078491826749,0.16424856897928458,0.7303217043104444,0.05912948483254245,0.008214676889375685,0.8664112013657261,0.8609362490664166,0.8324664971100073,0.6648870698848789,0.20779640684052797,-0.007529089735159221,0.8067342213032528,0.36185216586365426,0.48597505331054225,0.7007938943116142,0.6851902802585822,0.6277032811158326,0.03727173582252007,-0.13272038770749767,-0.01970982827751415,-0.03175472333599502,-0.13605256463784074,0.7357974059360148,0.6949017335273489,0.05338078491826749,1.0,0.2898320273254335,0.9180156694480126,0.2622277639514611,0.15715628381843266,0.2708334961439924
Rendering error,-0.4230785196508496,0.4230785196508496,0.0,0.17570815743731516,0.20620844136983024,-0.06300696246205076,0.16907766093024668,0.3613620596352331,-0.3016875910716166,0.264556810632033,-0.03779900272154579,-0.27914390294758373,0.26197631760536894,0.17703425673872886,0.17703425673872886,0.19692574625993436,0.22613087593065112,0.044546405218822756,0.1160495697591318,0.3361661729083728,-0.09927097765296695,0.32317501635348184,0.2990353924687892,0.3321878750041317,0.3626881589366468,-0.2684980133835281,-0.013991211615518832,-0.1067509937638028,-0.04177212799453153,-0.013924042664843842,-0.0576932146802541,0.1440790617966761,-0.3016875910716166,0.2898320273254335,1.0,0.23444180519354274,0.24423632645058738,0.9588257474680281,0.20117951946724816
Runtime error,0.0563436169819011,-0.0563436169819011,0.2519763153394848,0.7532904925702827,0.8218212870180887,0.6553337664219684,0.7741238540824158,0.5359108125818424,0.02220397740108912,0.187500253609197,0.6548328212147936,0.032894781334946846,0.04250072543740799,0.7672707746376352,0.7527422462147003,0.7313606383469848,0.5646339523934969,0.15200668891269867,-0.07196718257018352,0.7513716303257442,0.23096108158014578,0.4623992208208954,0.596766158051494,0.5915578176734607,0.555099435027228,-0.0709272254107186,-0.08772940308083058,-0.0005482463555824474,-0.02741231777912237,-0.14720414647388713,0.6589452316473755,0.592917947125365,0.02220397740108912,0.9180156694480126,0.23444180519354274,1.0,0.3096447429021568,0.11406155993483816,0.4902553025768065
Black view error rate,0.6235022213916492,-0.6235022213916492,0.06337242505244779,-0.18381052140994,0.0717710232628976,-0.2323606518608558,-0.11861394302608648,-0.2564033502827181,-0.4415835477091256,0.21065617133270323,-0.224657610130187,-0.43446123242349455,0.31004254431669614,-0.09368583952637777,-0.10080815481200883,-0.15504732506412228,0.018082197888527246,-0.22084913653034602,0.15479457283360445,0.11505278538327095,-0.41949114114928043,0.12539673200589535,-0.11231343335033592,-0.06985347683984307,-0.03150254837875276,-0.5593215215323739,0.17258592224448743,-0.15532126026741577,-0.03396796520839428,-0.00027393520329350226,-0.2295891186452399,-0.0979289617942241,-0.4415835477091256,0.2622277639514611,0.24423632645058738,0.3096447429021568,1.0,0.2510937443986616,0.7005898275138609
Rendering error rate,-0.3626387311292997,0.3626387311292997,0.06757373783994859,0.003960838702916725,0.04026852681298671,-0.17151825513377264,0.010562236541111268,0.2581146554734066,-0.2749482199608027,0.29970346185403224,-0.1445903992318842,-0.2531636070947607,0.32273165426999567,0.0023104892433680898,0.0023104892433680898,0.029046150488055988,0.08021796121768918,-0.039055277530246416,0.1402989033642712,0.20497340287594054,-0.1590319933043544,0.15756128382654824,0.17361676314451646,0.2082741017950378,0.2505230479594829,-0.28804856347201624,-0.10049362663445127,-0.07888670416642478,-0.016833564487396084,0.016833564487396084,-0.16736833883690705,-0.011568286682551606,-0.2749482199608027,0.15715628381843266,0.9588257474680281,0.11406155993483816,0.2510937443986616,1.0,0.2449171551934497
Runtime error rate,0.396774140885595,-0.396774140885595,0.31686212526223895,-0.1046863136785945,0.061934834794142295,-0.07579500170426506,-0.04412171859228721,-0.10167178632135748,-0.2677448389109603,0.24171028446209517,-0.0707140458378914,-0.2521241062416412,0.26836638939774143,-0.06631960185921432,-0.08084414276226538,-0.10084964249665648,-0.06564346503168601,-0.27837344221376825,-0.04453888545991222,0.15675542257632474,-0.3550895330074628,0.03621615059726079,-0.07837771128816237,-0.026034554448865124,0.03809266387781318,-0.4845134031226296,-0.033457447274452684,-0.04905458154049323,-0.021649787383793105,-0.03809266387781318,-0.07263264398077993,-0.15642151481888036,-0.2677448389109603,0.2708334961439924,0.20117951946724816,0.4902553025768065,0.7005898275138609,0.2449171551934497,1.0
